_C_759b_5af6e1d5_8 8c 0 88 0 0 2025680a 0 74206973 0 6573756c 0 68652072 0 54 
_C_759b_5af6e1d5_7 8c 0 a8 0 0 2e2e2e0a 0 6567202e 0 6c742072 0 72657375 0 65616420 0 72 
_C_70ef_5b4cad33_1 8c 0 80 0 0 2e0a0a0a 0 742e2e2e 0 73746172 0 73696d20 
_C_759b_5af6e1d5_a 8c 0 b0 0 0 2a5f2a0a 0 6c656420 0 5f666169 0 63617365 0 5f6f7220 0 5443 
_C_57f7_5af6ea80_1 8c 0 38 0 0 2e766364 0 616161 
_C_759b_5af6e1d5_b 8c 0 f8 0 0 652f6462 0 65726167 0 2f636f76 0 736e7073 0 7664622f 0 636f762e 0 616e645f 0 74635f 
_C_759b_5af6e1d5_5 8c 0 c0 0 0 2e2e2e0a 0 6567202e 0 5f622072 0 636f6465 0 65206f70 0 77726974 
_C_759b_5af6e1d5_1 8c 0 40 0 0 66736462 0 6161612e 
_C_759b_5af6e1d5_6 8c 0 a0 0 0 2e2e2e0a 0 6567202e 0 726c2072 0 65206374 0 77726974 
_C_759b_5af6e1d5_18 84 0 20 0 0 3254 
_C_759b_5af6e1d5_11 84 0 8 0 0 c 
_C_759b_5af6e1d5_12 84 0 8 0 0 8 
_C_759b_5af6e1d5_d 84 0 2 0 0 2 
_C_759b_5af6e1d5_c 84 0 2 0 0 3 
_C_759b_5af6e1d5_e 84 0 2 0 0 0 
_C_759b_5af6e1d5_f 84 0 2 0 0 1 
_C_759b_5af6e1d5_14 84 0 8 0 0 4 
_C_759b_5af6e1d5_1a 84 0 20 0 0 ffff 
_C_759b_5af6e1d5_13 84 0 8 0 0 0 
_C_759b_5af6e1d5_9 8c 0 b0 0 0 5e5f5e0a 0 73656420 0 5f706173 0 63617365 0 5f6f7220 0 5443 
_C_759b_5af6e1d5_3 8c 0 a0 0 0 2e2e2e0a 0 6567202e 0 64652072 0 65206d6f 0 77726974 
_C_759b_5af6e1d5_10 84 0 8 0 0 10 
_C_759b_5af6e1d5_15 84 0 20 0 0 4 
_C_759b_5af6e1d5_1b 84 0 20 0 0 0 
_C_759b_5af6e1d5_16 84 0 20 0 0 1 
_C_759b_5af6e1d5_19 84 0 20 0 0 c 
_C_759b_5af6e1d5_17 84 0 20 0 0 8 
_C_759b_5af6e1d5_4 8c 0 c0 0 0 2e2e2e0a 0 6567202e 0 5f612072 0 636f6465 0 65206f70 0 77726974 
_C_759b_5af6e1d5_1c 84 0 20 0 0 10 
